Bug 1:
1793299716055683
3583394221301969
3611251513161517
3635469537798260
9694216571825987
1249734652409601
1500575032323440
1800476934240112
1810692803365461
1827904349694713
1905748743249094
2851481250093604
3509880840980580
3514264961710493
3516518490237163
3553898103877843
3559220773554830
3566557325268851
3566587760173944
3584925652219938
3592057160060545
3595189453941201
3600428084284893
Bug 2:
2222576268369904
2222598480251256
2222364036703641
2222420008961375
2222496059419927
2222168093796319
2222982908937417
Bug 3:
44253643965630246
347789635202468
2220242007512468
4805747191650246
4301535938200246
3769623043570246
Bug 4:
4113659675507411
5255858413892525
5354497200464535
2220086892303222
4750061833984475
5522338449520552
2220903062379222
2252783590080225
2426728822505242
4174347643409417
4203091084344420
4203259240468420
5221240000860522
Bug 5:
5353973422490656
2521308293642248
376177563542242
4224272667804022
374224412611802
2223342241246613
373671098444224
4209764988422400
Bug 6:
376453518260309
5541129664150309
345870154992309
348691207871309
4607594193277309
2347571943164309
374806148622309
4937470984049309
4434545463590309
Bug 7:
2116622138520802
2174588842710543
6112307137706876
6489062376731227
6578234011945288
6601502224559638
8379445878096190
8405008319942915
8661045371290899
8766308731303982
8832007355593882
8945261058658617
8994482047504155
2220014828858945
2220032684316444
2220047882193841
2220060724502608
2220071328865986
2220130001457212
2220141743004899
2220146808454814
2220156845712918
2721953699243220
2721957972910827
2721960743972613
2721961077951249
2721976813686396
2721989789549407
2220014946647816
2220017127487167
2220035223376878
2220074197783892
2220090742564041
2220099686335573
2220104600174635
2220146661445966
2220158888016413
2220183006341873
2220189170653266
2220190998264492
2220199829980507
2220227248749383
2220233756020332
2220249763666214
2220262965178862
2220285248036359
2220292940060893
2220303761061488
2220349341791631
2220353857343613
2220376638563795
2220388654882553
2220525857212274
2220547134002393
2220557226846763
2220571953224508
2220599686757536
2220617662616979
2220633760672004
2220681316788261
2220683280219257
2220694465614287
2220702010812189
2220735871757937
2220740550294582
2220759429458012
2220781315497151
2220791295025088
2220793125188581
2220801452828636
2220822572018403
2220826967935204
2220861712385116
2220869251127914
2220870909014223
2220897191629327
2220964347643634
2220968633567381
2220969782667659
2220978877752128
2721016959617614
2721021083499079
2721021990441453
2721029796561218
2721036982651851
2721045344188262
2721075359373889
2721091292372623
2721101709888531
2721105689446061
2721124831003829
2721154751770438
2721167587806895
2721174914942864
2721181297206841
2721195845281221
2721207240163928
2721224444141261
2721232446012075
2721240541596041
2721257851932632
2721278669274454
2721284292617598
2721285732309746
2721320717284265
2721358932727353
2721371338560799
2721376628904623
2721392774230358
2721394824260963
2721429386074186
2721435845471079
2721477086999327
2721483975309891
2721492093041401
2721498036215564
2721544443894416
2721594305711422
2721603818323151
2721651829045198
2721657408683861
2721688770523005
2721721301017021
2721732132814163
2721734801375054
2721763225340436
2721764807273797
2721771130824667
2721813573291325
2721826486615356
2721840508196196
2721849101733164
2721873252608082
2721897856650794
2721899023604274
2721920453379946
2721931409551199
2721934660864665
2721947498332226
2721949513581043
Bug 8:
37431545051837644
37935993091997311
164155907468783
225956801382956
241769401421846
24716385057278178
24971166068478118
25331235096466379
25644566018378538
25957349032313141
34878544083226683
34891258023245265
35312569028947219
366154306557441
371474903127155
45741424034223489
471684309561778
48797994052647294
48934715069262767
497293808385894
524372606988731
53169639046567633
534458606293251
54188722093352376
54442923048269887
54955389071486285
55791767038269735
34160765904969
22821134065881193
236584305933475
249821909843864
25172058392088198
26439888065997292
268626506848563
27131681017432685
27215444085734634
339926806912621
33994499052914796
339948802659484
339956902774178
341142202696729
341446802795479
341475807597754
34160765904969
341719405175657
341742809685741
342179802841626
342747209994239
343627709892612
343643605623852
343889801373434
344211909328865
344395108622662
344863709295717
344913608122692
344925104899938
345141809844976
345518904889719
345553802329113
345577606393222
345643805288462
345766909733271
345975906743999
346118804218926
346138505814898
346289603444326
346554906245328
346999909563211
347932805736168
348388503275455
348625403685857
348654506189518
348773304263372
349379203436389
349412702921899
349449908318628
349476806217115
349526601184488
36992515034214719
369949709318136
36995923093256886
36996458072511777
371135803416748
371598606715278
371719105513839
372376807254929
372459503784694
372673702914891
372899507481518
373187504846738
373282608794131
373416209395166
374326304238394
374551807596366
374625904371178
374726307948537
375121601288393
375411406938247
375582508727637
375656902818711
375814801257842
375842204955662
376549909455711
376685101628828
376896207411692
376965603472911
377919505176435
378224908549877
378398205163126
378525503593576
378831408361337
379267808149478
379367706511843
379679207422332
379716609962695
379824207989317
379896606693194
415691901988472
418145901688267
428699203642974
429393706872837
438269202951284
47868445055636765
47933239025462654
48476323069628972
486925507344613
49944916091886567
51655285039437339
52627769023297751
526772703686872
528345201259167
534785203945326
536498501415433
53779186047656272
55956642032164961